[[6.53233263e+028 0.00000000e+000 0.00000000e+000 ... 0.00000000e+000
  0.00000000e+000 0.00000000e+000]
 [0.00000000e+000 1.19960731e+038 0.00000000e+000 ... 0.00000000e+000
  0.00000000e+000 0.00000000e+000]
 [0.00000000e+000 0.00000000e+000 5.55036641e+114 ... 0.00000000e+000
  0.00000000e+000 0.00000000e+000]
 ...
 [0.00000000e+000 0.00000000e+000 0.00000000e+000 ... 0.00000000e+000
  0.00000000e+000 0.00000000e+000]
 [0.00000000e+000 0.00000000e+000 0.00000000e+000 ... 0.00000000e+000
  0.00000000e+000 0.00000000e+000]
 [0.00000000e+000 0.00000000e+000 0.00000000e+000 ... 0.00000000e+000
  0.00000000e+000 0.00000000e+000]]