[[2.43679410e+129 0.00000000e+000 0.00000000e+000 ... 0.00000000e+000
  0.00000000e+000 0.00000000e+000]
 [0.00000000e+000 1.20851134e+094 0.00000000e+000 ... 0.00000000e+000
  0.00000000e+000 0.00000000e+000]
 [0.00000000e+000 0.00000000e+000 1.29237563e+102 ... 0.00000000e+000
  0.00000000e+000 0.00000000e+000]
 ...
 [0.00000000e+000 0.00000000e+000 0.00000000e+000 ... 0.00000000e+000
  0.00000000e+000 0.00000000e+000]
 [0.00000000e+000 0.00000000e+000 0.00000000e+000 ... 0.00000000e+000
  0.00000000e+000 0.00000000e+000]
 [0.00000000e+000 0.00000000e+000 0.00000000e+000 ... 0.00000000e+000
  0.00000000e+000 0.00000000e+000]]